coordinates = [[[0,0]],
[[0,0]],
[[0,0]],
[[0,0]],
[[0,0]],
[[0,0]],
[[0,0]],
[[0,0]],
[[0,0]],
[[0,0]],
[[0,0]],
[[0,0]],
[[0,0]],
[[0,0]],
[[0,0]],
[[0,0]],
[[0,0]],
[[0,0]],
[[0,0]],
[[0,0]],
[[0,0]],
[[0,0]],
[[0,0]],
[[0,0]],
[[0,0]],
[[0,0]],
[[0,0]],
[[0,0]],
[[0,0]],
[[0,0]],
[[0,0]],
[[0,0]],
[[0,0]],
[[0,0]],
[[0,0]],
[[0,0]],
[[0,0]],
[[0,0]],
[[0,0]],
[[0,0]],
[[0,0]],
[[0,0]],
[[0,0]],
[[0,0]],
[[0,0]],
[[0,0]],
[[0,0]],
[[0,0]],
[[0,0]],
[[0,0]],
[[0,0]],
[[0,0]],
[[0,0]],
[[0,0]],
[[0,0]],
[[0,0]],
[[0,0]],
[[0,0]],
[[0,0]],
[[0,0]],
[[0,0]],
[[0,0]],
[[0,0]],
[[0,0]],
[[0,0]],
[(7, -97),(9, -97),(11, -96),(14, -94),(158, 51),(372, 223),(575, 374),(689, 381),(802, 385),(897, 387),(788, 252),(612, 30),(559, -41),(557, -43),(556, -45),(556, -47),(556, -51),(559, -54),(563, -54),(565, -54),(568, -53),(571, -50),(626, 26),(810, 251),(919, 387),(972, 389),(1018, 389),(1055, 389),(1061, 389),(1064, 394),(1064, 399),(1064, 403),(1062, 407),(1057, 407),(1022, 407),(981, 407),(934, 406),(1017, 509),(1094, 605),(1136, 656),(1147, 670),(1180, 710),(1180, 735),(1180, 739),(1180, 743),(1178, 746),(1174, 751),(1168, 754),(1159, 754),(1053, 754),(569, 392),(569, 392),(381, 382),(163, 373),(-20, 333),(-25, 332),(-28, 329),(-28, 326),(-28, 323),(-26, 321),(-21, 321),(-18, 321),(113, 349),(358, 363),(544, 373),(347, 225),(144, 57),(3, -84),(1, -86),(0, -88),(0, -90),(0, -94),(3, -97),(7, -97),(600, 394),(625, 412),(1086, 740),(1154, 740),(1160, 740),(1163, 738),(1163, 733),(1163, 731),(1161, 719),(1148, 698),(1122, 666),(911, 405),(820, 403),(712, 399),(600, 394)],
[(229, -126),(379, -126),(560, -63),(635, 63),(655, 95),(663, 125),(663, 151),(663, 242),(566, 298),(467, 325),(635, 325),(873, 350),(951, 518),(964, 546),(970, 571),(970, 593),(970, 696),(840, 737),(694, 737),(524, 737),(335, 682),(305, 603),(303, 596),(302, 589),(302, 583),(302, 524),(409, 498),(409, 407),(409, 389),(404, 368),(393, 343),(337, 346),(331, 346),(328, 342),(328, 337),(328, 333),(331, 328),(336, 328),(352, 327),(367, 325),(383, 323),(326, 243),(227, 104),(164, 10),(163, 5),(163, 0),(166, -3),(170, -3),(172, -3),(175, -1),(176, 2),(249, 109),(328, 214),(404, 320),(509, 302),(644, 252),(644, 152),(644, 128),(637, 101),(619, 72),(549, -48),(370, -108),(226, -108),(112, -108),(19, -70),(19, 7),(19, 27),(26, 51),(40, 77),(41, 79),(42, 80),(42, 82),(42, 87),(37, 91),(32, 91),(29, 91),(26, 89),(24, 86),(8, 56),(0, 29),(0, 5),(0, -82),(103, -126),(229, -126),(466, 342),(420, 343),(501, 457),(582, 572),(648, 671),(650, 676),(650, 681),(646, 685),(641, 685),(639, 685),(636, 684),(634, 681),(573, 589),(499, 484),(424, 379),(427, 389),(428, 399),(428, 408),(428, 504),(319, 535),(319, 584),(319, 588),(320, 593),(321, 597),(348, 667),(533, 720),(696, 720),(832, 720),(952, 683),(952, 591),(952, 571),(947, 549),(935, 525),(862, 367),(632, 342),(466, 342)],
[(153, -80),(338, -80),(646, 148),(717, 192),(720, 193),(721, 196),(721, 198),(719, 202),(718, 204),(717, 204),(715, 204),(713, 204),(711, 204),(708, 202),(648, 163),(327, -61),(152, -61),(133, -61),(116, -59),(101, -53),(40, -31),(18, 21),(18, 78),(18, 127),(34, 180),(54, 224),(144, 417),(332, 590),(522, 678),(590, 709),(653, 727),(701, 727),(725, 727),(745, 722),(760, 713),(774, 705),(780, 691),(780, 675),(780, 629),(737, 563),(712, 537),(711, 535),(710, 533),(710, 531),(710, 527),(714, 522),(719, 522),(721, 522),(723, 523),(725, 525),(754, 555),(797, 623),(797, 675),(797, 693),(792, 709),(779, 721),(762, 737),(735, 744),(703, 744),(649, 744),(581, 724),(515, 694),(320, 605),(131, 431),(37, 231),(15, 185),(0, 130),(0, 79),(0, 15),(25, -44),(94, -70),(112, -77),(131, -80),(153, -80)],
[(129, -139),(147, -139),(166, -137),(186, -134),(415, -100),(685, 103),(804, 295),(860, 385),(890, 469),(890, 541),(890, 625),(849, 691),(759, 730),(706, 753),(640, 763),(573, 763),(414, 763),(243, 706),(201, 627),(196, 619),(195, 612),(195, 605),(195, 550),(323, 529),(323, 411),(323, 361),(300, 294),(236, 200),(167, 102),(108, 16),(77, -36),(75, -41),(75, -46),(78, -49),(82, -49),(84, -49),(87, -47),(89, -44),(119, 6),(179, 88),(244, 182),(585, 662),(586, 667),(586, 672),(582, 676),(577, 676),(575, 676),(572, 675),(571, 672),(325, 326),(337, 359),(342, 387),(342, 412),(342, 536),(213, 563),(213, 607),(213, 611),(214, 615),(217, 619),(256, 693),(420, 745),(573, 745),(638, 745),(702, 735),(753, 714),(836, 678),(873, 618),(873, 542),(873, 474),(843, 393),(789, 304),(674, 116),(408, -83),(184, -117),(165, -120),(147, -121),(129, -121),(61, -121),(5, -98),(-14, -35),(-16, -31),(-19, -29),(-22, -29),(-27, -29),(-31, -32),(-31, -37),(-30, -40),(-9, -112),(54, -139),(129, -139)],
[(49, -136),(86, -136),(141, -124),(208, -109),(311, -86),(443, -57),(570, -57),(593, -57),(616, -58),(639, -60),(646, -60),(649, -55),(649, -51),(649, -46),(646, -42),(641, -42),(620, -40),(599, -39),(578, -39),(446, -39),(311, -71),(205, -94),(140, -109),(86, -119),(53, -119),(39, -119),(28, -117),(22, -113),(19, -111),(17, -107),(17, -103),(17, -92),(25, -75),(43, -49),(105, 40),(205, 175),(306, 305),(400, 315),(533, 326),(616, 326),(635, 326),(641, 326),(643, 331),(643, 335),(643, 340),(641, 344),(635, 344),(624, 344),(545, 344),(416, 334),(321, 324),(409, 436),(497, 541),(559, 608),(561, 610),(562, 612),(562, 614),(562, 619),(558, 623),(553, 623),(551, 623),(549, 622),(547, 620),(480, 549),(387, 436),(297, 322),(232, 314),(176, 307),(148, 301),(143, 300),(141, 296),(141, 293),(141, 290),(143, 287),(148, 287),(150, 287),(176, 290),(227, 300),(283, 304),(186, 179),(88, 47),(28, -40),(9, -68),(0, -89),(0, -104),(0, -115),(4, -122),(12, -128),(20, -133),(33, -136),(49, -136),(485, 659),(625, 667),(764, 676),(883, 676),(948, 676),(1007, 674),(1057, 667),(1059, 667),(1065, 667),(1067, 671),(1067, 676),(1067, 680),(1065, 684),(1060, 684),(1007, 691),(946, 694),(878, 694),(759, 694),(623, 685),(484, 677),(478, 677),(476, 672),(476, 668),(476, 663),(479, 659),(484, 659)],
[(59, -106),(62, -106),(64, -105),(66, -102),(354, 308),(485, 316),(679, 319),(711, 319),(717, 319),(719, 324),(719, 328),(719, 333),(717, 337),(711, 337),(679, 337),(503, 334),(367, 327),(444, 439),(521, 550),(577, 628),(578, 630),(578, 631),(578, 633),(578, 638),(574, 643),(569, 643),(566, 643),(564, 641),(562, 639),(349, 333),(351, 344),(352, 354),(352, 364),(352, 496),(184, 557),(172, 603),(172, 606),(172, 660),(542, 672),(806, 672),(933, 672),(1036, 670),(1062, 667),(1063, 667),(1068, 667),(1071, 672),(1071, 676),(1071, 680),(1069, 685),(1063, 685),(1033, 688),(916, 692),(776, 692),(508, 692),(154, 677),(154, 606),(154, 602),(163, 551),(334, 488),(334, 362),(334, 350),(332, 338),(329, 325),(269, 321),(217, 316),(183, 310),(178, 309),(176, 306),(176, 302),(176, 299),(178, 296),(183, 296),(185, 296),(217, 299),(272, 307),(323, 307),(319, 296),(314, 284),(307, 272),(196, 111),(92, -43),(54, -93),(53, -95),(52, -97),(52, -99),(52, -103),(56, -106),(59, -106)],
[(459, -146),(462, -146),(465, -144),(467, -140),(520, -18),(644, 142),(735, 242),(761, 242),(798, 242),(829, 241),(854, 240),(855, 240),(860, 240),(863, 244),(863, 248),(863, 253),(860, 257),(855, 257),(828, 257),(707, 257),(456, 241),(396, 235),(390, 235),(387, 231),(387, 228),(387, 225),(390, 222),(394, 222),(396, 222),(426, 224),(603, 238),(709, 241),(618, 144),(309, -70),(130, -70),(102, -70),(78, -65),(58, -54),(29, -38),(18, -9),(18, 25),(18, 61),(30, 103),(47, 141),(156, 392),(458, 623),(720, 681),(749, 687),(775, 690),(795, 690),(846, 690),(869, 672),(869, 643),(869, 609),(840, 562),(789, 510),(786, 508),(786, 506),(786, 504),(786, 499),(790, 494),(795, 494),(797, 494),(799, 495),(801, 497),(858, 554),(886, 606),(886, 644),(886, 683),(856, 708),(794, 708),(772, 708),(746, 705),(716, 698),(322, 611),(0, 221),(0, 26),(0, -17),(16, -50),(50, -69),(73, -82),(101, -88),(132, -88),(292, -88),(531, 69),(632, 149),(568, 66),(481, -64),(451, -133),(450, -137),(450, -142),(454, -146),(459, -146)],
[(9, -145),(12, -145),(14, -143),(16, -140),(109, 10),(217, 166),(327, 310),(349, 310),(444, 310),(560, 304),(650, 298),(605, 228),(507, 63),(507, -38),(507, -54),(510, -69),(516, -81),(518, -85),(521, -87),(524, -87),(527, -87),(530, -84),(530, -80),(529, -75),(524, -65),(522, -53),(522, -39),(522, 56),(626, 229),(670, 296),(720, 292),(760, 288),(778, 284),(782, 283),(788, 283),(791, 287),(791, 291),(791, 295),(788, 299),(784, 300),(770, 304),(732, 309),(681, 313),(757, 428),(863, 563),(1001, 712),(1003, 714),(1004, 716),(1004, 718),(1004, 722),(999, 727),(995, 727),(993, 727),(991, 726),(989, 724),(872, 598),(755, 460),(660, 315),(572, 321),(454, 327),(362, 327),(341, 327),(454, 474),(570, 608),(671, 705),(673, 707),(674, 709),(674, 711),(674, 716),(670, 720),(665, 720),(663, 720),(661, 719),(659, 717),(554, 616),(434, 477),(318, 327),(179, 324),(65, 309),(51, 266),(50, 263),(50, 259),(50, 256),(50, 242),(55, 225),(58, 213),(64, 189),(73, 159),(73, 117),(73, 60),(57, -19),(1, -131),(0, -135),(0, -141),(5, -145),(9, -145),(61, -37),(83, 26),(91, 77),(91, 117),(91, 189),(67, 228),(67, 253),(68, 261),(85, 310),(263, 308),(305, 309),(220, 198),(137, 80),(61, -37)],
[(398, 680),(401, 681),(507, 722),(857, 725),(1074, 725),(1170, 725),(1176, 725),(1179, 729),(1179, 732),(1179, 736),(1176, 739),(1170, 739),(1007, 739),(787, 739),(492, 735),(394, 697),(390, 696),(389, 693),(389, 690),(389, 685),(393, 680),(398, 680),(-92, -102),(-88, -101),(-43, -74),(177, -70),(358, -70),(584, -71),(590, -71),(593, -68),(593, -64),(593, -61),(590, -57),(583, -57),(534, -57),(433, -55),(322, -55),(210, -56),(262, 38),(346, 165),(434, 291),(535, 434),(642, 576),(719, 664),(721, 666),(721, 668),(721, 670),(721, 673),(721, 675),(718, 677),(717, 678),(714, 679),(712, 679),(710, 679),(708, 678),(705, 676),(629, 587),(521, 445),(420, 301),(328, 171),(242, 39),(190, -56),(58, -59),(-63, -67),(-97, -87),(-100, -89),(-101, -91),(-101, -94),(-101, -98),(-97, -102),(-92, -102)],
[(46, -113),(205, -113),(745, 512),(745, 699),(745, 710),(740, 744),(716, 763),(670, 763),(658, 763),(643, 762),(628, 759),(473, 730),(216, 645),(216, 449),(216, 436),(217, 421),(220, 406),(221, 400),(224, 398),(227, 398),(230, 398),(233, 400),(233, 405),(233, 407),(230, 420),(229, 433),(229, 446),(229, 633),(484, 714),(631, 742),(644, 744),(657, 746),(670, 746),(699, 746),(724, 737),(728, 705),(728, 697),(728, 521),(188, -96),(48, -96),(43, -96),(38, -95),(34, -93),(22, -87),(17, -77),(17, -65),(17, -22),(73, 49),(95, 73),(168, 157),(282, 246),(397, 287),(401, 289),(403, 292),(403, 295),(403, 300),(399, 304),(394, 304),(391, 304),(273, 262),(156, 171),(81, 85),(59, 58),(0, -15),(0, -66),(0, -85),(7, -100),(27, -109),(32, -112),(39, -113),(46, -113)],
[(627, -98),(630, -98),(633, -95),(633, -91),(633, -88),(596, 52),(450, 236),(304, 303),(341, 353),(380, 403),(416, 450),(626, 537),(932, 636),(1029, 656),(1033, 657),(1036, 661),(1036, 664),(1036, 669),(1033, 673),(1027, 673),(1025, 673),(932, 654),(647, 563),(438, 478),(514, 576),(581, 660),(618, 702),(619, 704),(620, 706),(620, 708),(620, 713),(616, 717),(611, 717),(609, 717),(607, 716),(605, 714),(565, 668),(490, 574),(406, 465),(359, 445),(195, 374),(195, 331),(195, 314),(256, 303),(278, 295),(152, 129),(35, -32),(2, -81),(0, -86),(0, -90),(3, -94),(7, -94),(9, -94),(12, -93),(14, -90),(47, -40),(167, 122),(293, 289),(438, 225),(584, 42),(619, -91),(620, -96),(623, -98),(627, -98),(288, 309),(274, 315),(219, 329),(215, 333),(214, 334),(213, 335),(213, 336),(213, 359),(357, 425),(385, 436),(353, 395),(321, 352),(288, 309)],
[(446, -117),(490, -117),(532, -110),(570, -93),(574, -91),(575, -89),(575, -86),(575, -82),(572, -79),(568, -79),(564, -80),(530, -96),(491, -102),(450, -102),(313, -102),(149, -32),(39, 9),(202, 120),(485, 683),(644, 686),(649, 686),(652, 691),(652, 695),(652, 699),(650, 703),(645, 703),(644, 703),(464, 700),(198, 127),(18, 16),(-38, 36),(-86, 51),(-121, 51),(-145, 51),(-163, 44),(-171, 26),(-174, 21),(-175, 15),(-175, 10),(-175, -16),(-142, -36),(-94, -36),(-61, -36),(-21, -26),(20, -3),(137, -46),(304, -117),(446, -117),(-94, -18),(-100, -18),(-120, -17),(-157, -8),(-157, 10),(-157, 13),(-157, 15),(-155, 18),(-150, 29),(-138, 34),(-120, 34),(-92, 34),(-51, 22),(-2, 5),(-36, -12),(-68, -18),(-94, -18)],
[(621, -175),(625, -175),(628, -172),(628, -168),(626, -163),(620, -154),(617, -142),(617, -128),(617, 48),(1055, 568),(1055, 685),(1055, 694),(1052, 700),(1047, 704),(1043, 707),(1037, 709),(1031, 709),(910, 709),(462, 110),(409, 110),(406, 110),(405, 111),(404, 114),(404, 119),(404, 196),(721, 583),(721, 697),(721, 711),(716, 720),(705, 725),(701, 727),(696, 728),(691, 728),(554, 728),(118, 110),(3, 10),(1, 8),(0, 6),(0, 4),(0, -1),(4, -5),(9, -5),(11, -5),(13, -5),(15, -3),(126, 93),(568, 711),(688, 711),(692, 711),(695, 710),(698, 709),(704, 707),(706, 701),(706, 694),(706, 607),(388, 208),(388, 116),(388, 109),(390, 103),(394, 100),(398, 97),(402, 95),(407, 95),(428, 95),(454, 125),(465, 135),(608, 269),(937, 695),(1025, 695),(1031, 694),(1037, 693),(1039, 688),(1039, 681),(1039, 591),(604, 57),(604, -131),(604, -147),(607, -161),(614, -171),(616, -174),(619, -175),(621, -175)],
[(9, -107),(297, -69),(770, 643),(840, 643),(842, 643),(845, 642),(846, 639),(846, 634),(846, 564),(642, 119),(642, -29),(642, -53),(648, -69),(659, -75),(663, -77),(666, -77),(670, -77),(793, -77),(1249, 677),(1431, 753),(1435, 755),(1437, 757),(1437, 760),(1437, 763),(1434, 767),(1430, 767),(1426, 766),(1247, 692),(773, -61),(674, -61),(667, -59),(661, -56),(657, -46),(657, -30),(657, 84),(828, 493),(852, 586),(857, 605),(860, 621),(860, 633),(860, 648),(856, 657),(847, 660),(844, 660),(750, 660),(292, -53),(7, -90),(2, -90),(0, -94),(0, -98),(0, -103),(3, -107),(8, -107)],
[(70, -90),(174, -90),(351, 68),(399, 113),(415, 111),(431, 111),(448, 111),(550, 111),(659, 142),(743, 192),(747, 194),(748, 196),(748, 198),(747, 202),(746, 204),(744, 204),(742, 204),(740, 204),(738, 204),(736, 202),(655, 155),(550, 128),(450, 128),(416, 129),(500, 212),(582, 311),(634, 406),(664, 461),(686, 522),(686, 576),(686, 625),(668, 669),(620, 699),(596, 714),(570, 720),(541, 720),(375, 720),(152, 493),(152, 328),(152, 321),(116, 270),(0, 91),(0, -14),(0, -40),(7, -61),(24, -75),(37, -85),(52, -90),(70, -90),(71, -73),(57, -73),(44, -69),(35, -61),(24, -51),(19, -36),(19, -16),(19, 79),(128, 263),(155, 295),(173, 194),(271, 133),(377, 116),(336, 79),(163, -73),(71, -73),(393, 132),(291, 144),(178, 202),(170, 316),(265, 448),(383, 562),(461, 562),(466, 562),(472, 562),(476, 567),(476, 571),(476, 575),(473, 580),(467, 580),(462, 580),(382, 580),(266, 473),(170, 346),(182, 489),(388, 703),(540, 703),(566, 703),(590, 697),(611, 684),(641, 665),(659, 639),(665, 608),(667, 597),(669, 586),(669, 574),(669, 430),(494, 228),(393, 132)],
[(7, -48),(10, -48),(13, -47),(15, -44),(53, 18),(151, 156),(213, 243),(254, 229),(298, 222),(342, 222),(518, 222),(706, 325),(781, 474),(802, 516),(811, 552),(811, 583),(811, 701),(673, 743),(526, 743),(386, 743),(239, 705),(198, 659),(187, 648),(183, 639),(183, 631),(183, 592),(282, 577),(282, 473),(282, 426),(261, 360),(203, 265),(181, 274),(160, 285),(140, 299),(134, 301),(129, 301),(125, 296),(125, 292),(125, 289),(127, 287),(130, 285),(150, 271),(171, 259),(194, 250),(161, 200),(92, 103),(33, 16),(2, -36),(0, -41),(0, -45),(4, -48),(7, -48),(342, 240),(301, 240),(260, 246),(223, 258),(510, 662),(511, 667),(511, 672),(507, 676),(502, 676),(500, 676),(497, 675),(496, 672),(276, 363),(295, 408),(303, 445),(303, 475),(303, 582),(205, 604),(205, 635),(205, 640),(207, 645),(214, 651),(252, 689),(396, 725),(531, 725),(667, 725),(793, 689),(793, 582),(793, 554),(784, 521),(765, 482),(693, 339),(511, 240),(342, 240)],
[(700, -171),(705, -171),(708, -168),(708, -164),(708, -161),(706, -158),(701, -157),(563, -133),(437, -75),(330, 0),(452, 91),(560, 247),(610, 349),(651, 434),(668, 502),(668, 555),(668, 657),(606, 703),(533, 703),(447, 703),(347, 639),(316, 528),(240, 462),(151, 366),(87, 270),(46, 208),(0, 122),(0, 51),(0, -3),(27, -48),(105, -66),(119, -69),(133, -71),(148, -71),(204, -71),(261, -47),(315, -10),(425, -87),(555, -146),(698, -171),(148, -54),(135, -54),(122, -52),(109, -49),(46, -35),(17, 0),(17, 53),(17, 68),(20, 86),(25, 104),(60, 238),(211, 410),(309, 499),(308, 490),(307, 482),(307, 473),(307, 462),(308, 451),(309, 439),(309, 434),(313, 431),(317, 431),(320, 431),(324, 434),(324, 439),(323, 465),(323, 483),(325, 500),(329, 517),(369, 551),(406, 577),(432, 587),(436, 588),(437, 592),(437, 595),(437, 599),(434, 604),(429, 604),(425, 603),(403, 594),(371, 573),(338, 547),(374, 634),(459, 685),(532, 685),(596, 685),(651, 644),(651, 553),(651, 505),(635, 441),(597, 362),(548, 261),(438, 100),(315, 11),(274, 41),(236, 73),(201, 107),(199, 109),(197, 110),(195, 110),(190, 110),(185, 105),(185, 100),(185, 98),(186, 96),(188, 94),(223, 61),(260, 30),(300, 1),(250, -32),(198, -54),(148, -54)],
[(620, -101),(624, -101),(627, -98),(627, -94),(627, -92),(626, -89),(623, -87),(524, -29),(364, 199),(313, 274),(340, 267),(369, 264),(398, 264),(560, 264),(744, 362),(800, 495),(812, 524),(817, 550),(817, 572),(817, 683),(687, 725),(543, 725),(364, 725),(164, 660),(164, 581),(164, 574),(166, 566),(170, 558),(194, 509),(263, 498),(263, 425),(263, 380),(237, 312),(158, 197),(91, 101),(33, 15),(2, -36),(0, -41),(0, -46),(4, -49),(7, -49),(10, -49),(13, -48),(15, -44),(44, 3),(98, 80),(160, 168),(461, 593),(462, 598),(462, 603),(458, 607),(453, 607),(451, 607),(448, 606),(447, 603),(263, 345),(276, 379),(281, 405),(281, 427),(281, 507),(207, 520),(185, 566),(182, 571),(181, 577),(181, 582),(181, 647),(375, 707),(546, 707),(680, 707),(799, 671),(799, 571),(799, 551),(794, 528),(784, 502),(731, 376),(554, 282),(398, 282),(362, 282),(327, 287),(295, 298),(292, 298),(287, 298),(282, 294),(282, 289),(284, 285),(326, 220),(506, -36),(615, -100)],
[(122, -100),(198, -100),(288, -75),(332, -33),(366, -1),(379, 31),(379, 62),(379, 186),(161, 300),(161, 408),(161, 420),(164, 432),(170, 444),(215, 532),(554, 672),(649, 672),(650, 672),(694, 671),(711, 651),(711, 623),(711, 552),(604, 429),(537, 429),(524, 429),(512, 434),(503, 445),(501, 447),(499, 448),(497, 448),(492, 448),(487, 444),(487, 439),(489, 434),(502, 418),(518, 411),(537, 411),(616, 411),(729, 543),(729, 626),(729, 662),(707, 688),(650, 689),(648, 689),(546, 689),(204, 547),(154, 452),(146, 437),(143, 422),(143, 407),(143, 290),(361, 178),(361, 62),(361, 35),(349, 8),(320, -20),(280, -58),(192, -81),(121, -81),(63, -81),(16, -66),(16, -31),(16, -8),(36, 23),(87, 64),(90, 66),(91, 69),(91, 71),(91, 74),(89, 76),(85, 76),(83, 76),(81, 76),(79, 74),(23, 29),(0, -7),(0, -35),(0, -36),(0, -80),(55, -100),(122, -100)],
[(48, -144),(51, -144),(53, -143),(56, -140),(225, 114),(407, 354),(582, 604),(583, 606),(583, 607),(583, 609),(583, 614),(578, 618),(574, 618),(571, 618),(569, 617),(567, 614),(439, 446),(312, 259),(189, 86),(253, 215),(278, 313),(278, 387),(278, 481),(238, 537),(187, 571),(128, 610),(53, 621),(5, 628),(-26, 633),(-40, 634),(-40, 640),(-37, 702),(469, 725),(901, 725),(1185, 725),(1436, 715),(1494, 699),(1495, 699),(1501, 699),(1505, 704),(1505, 709),(1505, 712),(1503, 716),(1499, 717),(1445, 731),(1169, 744),(864, 744),(432, 744),(-58, 719),(-58, 639),(-58, 636),(-57, 633),(-55, 629),(-42, 604),(84, 618),(177, 556),(238, 515),(262, 455),(262, 385),(262, 209),(109, -25),(42, -131),(40, -136),(40, -141),(44, -144),(48, -144)],
[(419, -210),(423, -210),(426, -208),(426, -205),(426, -202),(424, -199),(420, -197),(380, -174),(368, -141),(368, -105),(368, -85),(372, -64),(376, -42),(403, 96),(512, 282),(556, 353),(581, 382),(770, 595),(770, 637),(770, 640),(769, 642),(767, 643),(762, 644),(719, 644),(557, 389),(542, 363),(492, 307),(188, -38),(64, -38),(52, -38),(42, -35),(34, -28),(22, -18),(16, -3),(16, 16),(16, 184),(457, 658),(461, 713),(461, 716),(461, 731),(451, 737),(433, 737),(344, 737),(65, 560),(31, 464),(30, 461),(30, 455),(35, 452),(39, 452),(42, 452),(45, 454),(47, 457),(85, 564),(375, 721),(433, 721),(439, 721),(443, 719),(443, 715),(443, 714),(440, 667),(0, 198),(0, 13),(0, -11),(8, -30),(25, -43),(35, -51),(48, -54),(62, -54),(189, -54),(443, 229),(497, 287),(449, 204),(366, 40),(353, -80),(352, -102),(352, -152),(370, -189),(413, -209),(415, -210),(417, -210),(419, -210),(629, 466),(677, 535),(719, 588),(744, 613)],
[(112, -115),(121, -114),(154, -109),(234, -5),(342, 134),(492, 328),(693, 594),(882, 744),(885, 746),(886, 748),(886, 750),(886, 754),(882, 757),(878, 757),(876, 757),(874, 757),(872, 755),(681, 604),(479, 339),(328, 145),(223, 9),(144, -92),(118, -96),(112, -97),(102, -97),(97, -90),(95, -79),(94, -65),(94, 84),(377, 572),(377, 661),(376, 669),(372, 680),(363, 685),(350, 685),(276, 685),(82, 531),(82, 401),(82, 372),(91, 344),(114, 319),(116, 317),(118, 316),(121, 316),(125, 316),(130, 320),(130, 325),(130, 327),(129, 329),(127, 331),(107, 353),(99, 377),(99, 402),(99, 525),(299, 670),(349, 670),(354, 670),(358, 668),(359, 664),(360, 659),(360, 584),(77, 88),(77, -66),(78, -81),(81, -103),(92, -115),(112, -115)],
[(469, -136),(507, -136),(558, -58),(632, 56),(743, 224),(907, 475),(1148, 672),(1151, 674),(1151, 676),(1151, 679),(1151, 683),(1148, 687),(1143, 687),(1141, 687),(1139, 687),(1137, 685),(893, 486),(728, 234),(618, 65),(546, -44),(497, -118),(471, -118),(467, -118),(459, -115),(456, -100),(456, -77),(456, 2),(495, 170),(501, 195),(523, 280),(551, 366),(578, 424),(579, 428),(579, 433),(575, 436),(570, 436),(568, 436),(565, 435),(563, 433),(464, 322),(182, -51),(125, -51),(123, -51),(115, -50),(112, -43),(112, -31),(112, 75),(399, 568),(431, 618),(439, 631),(443, 641),(443, 649),(443, 664),(431, 672),(412, 672),(399, 672),(383, 669),(364, 662),(262, 627),(77, 503),(77, 388),(77, 376),(79, 363),(84, 351),(86, 347),(89, 346),(92, 346),(97, 346),(102, 349),(102, 355),(101, 358),(97, 368),(95, 379),(95, 390),(95, 493),(274, 612),(370, 645),(383, 650),(401, 656),(413, 656),(420, 656),(424, 654),(424, 648),(424, 644),(422, 637),(416, 628),(387, 581),(98, 105),(98, -32),(98, -53),(104, -66),(120, -68),(123, -68),(189, -68),(434, 252),(541, 380),(521, 329),(503, 271),(487, 212),(476, 170),(439, 21),(439, -67),(439, -104),(445, -130),(462, -135)],
[(7, -149),(9, -149),(12, -148),(14, -146),(78, -82),(392, 163),(718, 374),(770, 208),(830, -15),(915, -86),(917, -88),(919, -88),(921, -88),(925, -88),(929, -84),(929, -79),(929, -77),(928, -75),(926, -73),(845, -5),(784, 221),(734, 383),(952, 523),(1238, 686),(1408, 697),(1413, 698),(1415, 702),(1415, 706),(1415, 711),(1412, 715),(1407, 715),(1406, 715),(1235, 704),(949, 542),(728, 401),(679, 555),(629, 686),(559, 686),(551, 685),(465, 672),(301, 518),(301, 433),(301, 418),(306, 406),(318, 396),(320, 394),(322, 394),(324, 394),(328, 394),(332, 398),(332, 403),(332, 405),(331, 407),(329, 409),(322, 415),(319, 423),(319, 433),(319, 502),(469, 655),(554, 667),(560, 668),(618, 668),(665, 541),(713, 391),(383, 179),(68, -71),(3, -136),(1, -138),(0, -140),(0, -142),(0, -146),(3, -149),(7, -149)],
[(83, -239),(205, -236),(332, -118),(478, 69),(528, 53),(581, 25),(633, -18),(634, -20),(636, -21),(638, -21),(643, -21),(648, -16),(648, -10),(648, -8),(647, -5),(645, -3),(593, 40),(542, 68),(491, 86),(622, 255),(741, 436),(862, 611),(864, 617),(864, 622),(858, 627),(853, 627),(851, 627),(848, 626),(846, 623),(766, 525),(414, 163),(259, 163),(249, 163),(240, 165),(232, 168),(214, 175),(207, 189),(207, 208),(207, 318),(471, 601),(518, 674),(533, 696),(539, 714),(539, 727),(539, 737),(535, 745),(527, 751),(521, 754),(513, 756),(502, 756),(405, 756),(139, 594),(139, 484),(139, 470),(143, 457),(152, 446),(154, 443),(157, 442),(160, 442),(165, 442),(170, 446),(170, 451),(167, 457),(161, 465),(158, 475),(158, 485),(158, 582),(420, 738),(500, 738),(507, 738),(512, 737),(516, 734),(519, 732),(520, 729),(520, 725),(520, 717),(515, 704),(502, 684),(447, 601),(187, 329),(187, 205),(187, 180),(198, 161),(224, 151),(235, 146),(246, 145),(259, 145),(401, 145),(664, 393),(757, 492),(652, 339),(558, 203),(471, 91),(438, 101),(405, 105),(373, 105),(165, 105),(3, -77),(3, -176),(3, -213),(26, -239),(78, -239),(82, -220),(78, -220),(39, -220),(22, -201),(22, -173),(22, -87),(178, 85),(375, 85),(402, 85),(430, 82),(458, 75),(318, -105),(196, -217),(82, -220)],
[(985, -117),(990, -117),(994, -113),(994, -108),(994, -106),(993, -104),(990, -102),(898, -23),(635, 4),(401, 4),(260, 4),(129, -6),(54, -21),(218, 70),(788, 560),(828, 614),(832, 619),(833, 622),(833, 626),(833, 643),(797, 649),(745, 649),(615, 649),(386, 611),(353, 598),(349, 596),(347, 593),(347, 590),(347, 587),(350, 584),(354, 584),(357, 584),(410, 602),(629, 632),(749, 632),(778, 632),(802, 630),(815, 626),(652, 471),(238, 113),(4, -33),(1, -35),(0, -38),(0, -41),(0, -45),(3, -49),(9, -49),(11, -49),(93, -29),(251, -16),(418, -16),(647, -16),(892, -42),(979, -115),(981, -116),(983, -117),(985, -117)],
[[0,0]],
[[0,0]],
[[0,0]],
[[0,0]],
[[0,0]],
[[0,0]],
[(119, 57),(179, 57),(328, 159),(375, 192),(377, 194),(378, 196),(378, 198),(378, 201),(374, 204),(373, 204),(371, 204),(369, 204),(366, 202),(320, 170),(170, 71),(124, 71),(115, 71),(109, 77),(109, 88),(109, 115),(145, 163),(180, 213),(182, 218),(182, 222),(177, 227),(173, 227),(171, 227),(169, 226),(167, 225),(125, 189),(-12, 75),(-58, 75),(-66, 75),(-73, 82),(-73, 90),(-73, 126),(7, 208),(64, 208),(78, 208),(91, 203),(101, 192),(103, 189),(106, 188),(108, 188),(113, 188),(117, 192),(117, 197),(115, 203),(102, 218),(84, 225),(66, 225),(-2, 225),(-90, 139),(-90, 89),(-90, 72),(-78, 59),(-59, 59),(-9, 59),(89, 138),(129, 171),(108, 139),(92, 109),(92, 86),(92, 69),(101, 57),(119, 57)],
[(-21, 29),(23, 29),(97, 75),(142, 146),(162, 138),(183, 135),(205, 135),(267, 135),(334, 161),(381, 192),(384, 193),(385, 196),(385, 198),(385, 203),(382, 204),(379, 204),(377, 204),(375, 203),(373, 202),(325, 173),(265, 151),(210, 151),(189, 151),(169, 154),(151, 161),(160, 178),(163, 192),(163, 204),(163, 228),(146, 239),(129, 239),(110, 239),(91, 226),(91, 205),(92, 197),(96, 178),(109, 163),(126, 153),(99, 112),(33, 47),(-18, 47),(-27, 48),(-37, 49),(-41, 56),(-41, 67),(-40, 75),(-36, 103),(-16, 144),(13, 192),(13, 192),(430, 508),(430, 606),(430, 613),(428, 619),(423, 624),(419, 628),(413, 630),(406, 630),(372, 630),(309, 580),(240, 508),(158, 423),(-48, 185),(-58, 66),(-58, 40),(-43, 29),(-21, 29),(135, 168),(118, 179),(112, 188),(109, 204),(109, 214),(120, 221),(130, 221),(138, 221),(146, 216),(146, 203),(146, 195),(143, 183),(135, 168),(43, 237),(161, 413),(354, 614),(403, 614),(410, 614),(415, 609),(415, 601),(415, 535),(81, 266),(43, 237)],
[(-40, 46),(59, 46),(288, 171),(317, 192),(320, 193),(322, 196),(322, 199),(322, 200),(321, 201),(320, 202),(319, 204),(318, 204),(316, 204),(314, 204),(312, 204),(310, 202),(287, 187),(51, 61),(-35, 61),(-55, 61),(-67, 68),(-67, 83),(-66, 93),(-52, 155),(51, 223),(86, 223),(89, 223),(91, 223),(93, 222),(94, 222),(95, 220),(95, 219),(95, 214),(88, 203),(80, 194),(78, 189),(78, 184),(83, 179),(88, 179),(90, 179),(92, 180),(94, 182),(104, 194),(113, 209),(113, 221),(113, 228),(109, 234),(101, 238),(97, 240),(92, 241),(87, 241),(37, 241),(-68, 164),(-83, 97),(-84, 91),(-85, 86),(-85, 81),(-85, 56),(-67, 46),(-40, 46)],
[(-51, 54),(-21, 54),(31, 82),(93, 127),(91, 120),(91, 114),(91, 108),(91, 88),(99, 76),(114, 71),(119, 69),(127, 68),(135, 68),(212, 68),(378, 157),(427, 192),(430, 194),(431, 196),(431, 199),(430, 202),(429, 204),(427, 204),(425, 204),(423, 204),(421, 204),(419, 202),(369, 171),(215, 85),(141, 85),(135, 85),(129, 86),(124, 87),(112, 91),(108, 101),(108, 113),(108, 128),(115, 144),(116, 144),(209, 214),(320, 316),(406, 407),(426, 429),(552, 559),(552, 611),(552, 619),(549, 625),(543, 629),(539, 631),(535, 632),(531, 632),(438, 632),(137, 257),(99, 151),(35, 103),(-18, 71),(-46, 71),(-51, 71),(-54, 71),(-57, 73),(-64, 76),(-67, 82),(-67, 88),(-67, 131),(45, 230),(89, 230),(100, 230),(107, 225),(108, 212),(108, 206),(112, 204),(116, 204),(121, 204),(126, 207),(126, 212),(126, 213),(124, 237),(111, 247),(93, 247),(33, 247),(-84, 144),(-84, 87),(-84, 74),(-78, 64),(-65, 57),(-61, 55),(-56, 54),(-51, 54),(128, 173),(171, 260),(453, 615),(525, 615),(528, 615),(531, 615),(534, 613),(535, 612),(536, 610),(536, 607),(536, 573),(402, 429),(390, 416),(306, 327),(204, 234),(128, 173)],
[(-7, 47),(82, 47),(251, 160),(301, 192),(305, 194),(306, 196),(306, 198),(306, 200),(304, 202),(304, 202),(303, 203),(301, 204),(299, 204),(294, 204),(85, 64),(0, 64),(-4, 64),(-16, 64),(-26, 66),(-33, 72),(-41, 78),(-44, 87),(-44, 96),(-44, 124),(-18, 163),(3, 184),(12, 176),(24, 173),(37, 173),(71, 173),(111, 195),(111, 219),(111, 223),(110, 226),(109, 229),(105, 239),(96, 242),(85, 242),(73, 242),(57, 237),(43, 231),(-5, 209),(-50, 163),(-60, 110),(-61, 104),(-62, 99),(-62, 94),(-62, 80),(-57, 67),(-44, 58),(-34, 51),(-22, 47),(-7, 47),(37, 190),(29, 190),(22, 192),(17, 196),(24, 202),(63, 226),(82, 226),(90, 226),(92, 224),(94, 218),(94, 207),(61, 190),(37, 190)],
[(-303, -362),(-248, -362),(-183, -268),(-158, -228),(-114, -151),(-79, -52),(-79, 42),(-79, 52),(-80, 63),(-80, 73),(-72, 84),(-59, 82),(-45, 80),(-30, 80),(80, 80),(234, 139),(313, 192),(316, 194),(318, 197),(318, 199),(317, 202),(316, 204),(314, 204),(312, 204),(311, 204),(309, 204),(307, 202),(229, 151),(79, 98),(-27, 98),(-38, 98),(-50, 99),(-60, 100),(-26, 145),(0, 179),(10, 191),(65, 231),(461, 518),(461, 604),(461, 609),(459, 614),(457, 617),(452, 623),(445, 626),(436, 626),(327, 626),(-41, 154),(-79, 104),(-85, 106),(-89, 108),(-93, 108),(-95, 108),(-101, 107),(-102, 103),(-102, 99),(-102, 92),(-99, 84),(-99, 80),(-99, 78),(-128, 39),(-338, -235),(-338, -329),(-338, -342),(-334, -351),(-325, -356),(-318, -360),(-311, -362),(-303, -362),(57, 247),(93, 291),(365, 610),(432, 610),(435, 610),(438, 609),(441, 607),(443, 605),(443, 603),(443, 600),(443, 545),(92, 274),(57, 247),(-302, -346),(-307, -346),(-312, -345),(-315, -342),(-320, -339),(-322, -334),(-322, -326),(-322, -253),(-124, 16),(-97, 51),(-97, 37),(-97, -52),(-132, -147),(-174, -219),(-188, -243),(-259, -346),(-302, -346)],
[(-346, -396),(-262, -388),(-106, -187),(20, -14),(135, 55),(256, 116),(367, 192),(370, 194),(372, 196),(372, 199),(370, 202),(369, 204),(368, 204),(366, 204),(364, 204),(361, 204),(359, 202),(265, 138),(148, 81),(45, 22),(83, 75),(172, 202),(192, 223),(194, 225),(195, 227),(195, 229),(195, 234),(191, 238),(186, 238),(184, 238),(182, 237),(180, 236),(151, 211),(-10, 76),(-59, 76),(-61, 76),(-64, 76),(-66, 77),(-70, 79),(-72, 83),(-72, 87),(-72, 123),(34, 228),(101, 228),(115, 228),(127, 224),(136, 213),(138, 211),(140, 210),(143, 210),(147, 210),(152, 214),(152, 219),(152, 221),(151, 223),(149, 225),(137, 239),(121, 245),(102, 245),(25, 245),(-88, 141),(-88, 87),(-88, 77),(-85, 70),(-77, 64),(-72, 61),(-67, 60),(-60, 60),(-10, 60),(93, 143),(133, 175),(8, 0),(-87, -56),(-180, -118),(-258, -193),(-321, -253),(-358, -303),(-373, -337),(-377, -347),(-380, -358),(-380, -368),(-380, -384),(-373, -396),(-352, -396),(-348, -379),(-357, -379),(-362, -378),(-363, -369),(-363, -368),(-363, -333),(-301, -259),(-246, -205),(-179, -141),(-100, -86),(-19, -37),(-138, -199),(-276, -371),(-348, -379)],
[(-81, 46),(-77, 46),(-74, 48),(-73, 49),(-32, 94),(76, 204),(128, 204),(139, 203),(141, 192),(141, 176),(141, 157),(138, 132),(138, 109),(138, 75),(145, 59),(172, 55),(228, 55),(357, 160),(410, 192),(417, 196),(412, 202),(412, 202),(411, 203),(409, 204),(407, 204),(399, 200),(222, 72),(178, 72),(172, 72),(174, 72),(169, 73),(158, 75),(155, 88),(155, 105),(155, 124),(159, 150),(159, 172),(159, 202),(152, 221),(126, 221),(77, 221),(-7, 142),(-46, 103),(-31, 127),(-11, 158),(13, 191),(64, 225),(452, 526),(452, 617),(452, 624),(450, 629),(446, 633),(441, 639),(434, 641),(425, 641),(367, 641),(244, 511),(155, 404),(122, 365),(15, 229),(-1, 202),(-34, 155),(-88, 81),(-88, 54),(-88, 48),(-85, 46),(-81, 46),(45, 236),(121, 339),(347, 623),(423, 623),(430, 623),(433, 622),(433, 616),(433, 606),(424, 590),(414, 575),(347, 475),(128, 297),(45, 236)],
[(76, 258),(78, 258),(81, 260),(83, 265),(89, 279),(111, 302),(125, 302),(128, 302),(134, 302),(137, 307),(137, 311),(137, 315),(134, 320),(129, 320),(127, 320),(103, 320),(79, 291),(72, 268),(72, 264),(72, 260),(73, 258),(76, 258),(-33, 47),(56, 47),(288, 185),(298, 192),(301, 194),(303, 196),(303, 198),(301, 202),(301, 203),(299, 204),(297, 204),(296, 204),(294, 203),(291, 202),(253, 180),(37, 63),(-32, 63),(-39, 63),(-45, 65),(-49, 68),(-52, 71),(-54, 76),(-54, 81),(-54, 115),(7, 187),(28, 207),(30, 209),(31, 211),(31, 213),(31, 218),(26, 223),(21, 223),(19, 223),(17, 222),(15, 220),(-9, 195),(-71, 125),(-71, 80),(-71, 71),(-68, 62),(-62, 56),(-56, 50),(-46, 47),(-33, 47)],
[(71, 269),(73, 269),(77, 272),(79, 277),(85, 291),(108, 310),(123, 314),(127, 315),(130, 318),(130, 322),(130, 327),(126, 332),(119, 332),(117, 332),(96, 328),(75, 303),(68, 279),(67, 274),(67, 271),(69, 269),(71, 269),(-485, -388),(-389, -388),(-170, -59),(-133, -7),(-12, 59),(114, 114),(229, 192),(232, 194),(234, 196),(234, 199),(234, 202),(231, 204),(228, 204),(226, 204),(225, 204),(222, 202),(115, 131),(0, 83),(-112, 24),(-81, 69),(-7, 184),(31, 207),(34, 209),(35, 212),(35, 214),(35, 219),(31, 223),(27, 223),(25, 223),(24, 223),(22, 222),(-23, 196),(-109, 59),(-146, 6),(-259, -55),(-464, -187),(-511, -314),(-516, -327),(-518, -339),(-518, -349),(-518, -363),(-514, -373),(-508, -379),(-502, -385),(-494, -388),(-485, -388),(-482, -371),(-488, -371),(-492, -369),(-496, -366),(-499, -363),(-501, -358),(-501, -351),(-501, -343),(-499, -333),(-494, -321),(-453, -207),(-269, -83),(-168, -26),(-197, -67),(-409, -371),(-482, -371)],
[(-97, 46),(-95, 46),(-93, 47),(-91, 48),(25, 134),(38, 97),(66, 71),(102, 62),(108, 61),(114, 60),(120, 60),(199, 60),(333, 154),(392, 192),(395, 194),(397, 196),(397, 198),(397, 200),(396, 201),(395, 202),(394, 203),(393, 204),(391, 204),(389, 204),(386, 203),(382, 201),(327, 167),(192, 77),(121, 77),(106, 79),(74, 87),(51, 111),(40, 144),(40, 145),(54, 141),(68, 139),(81, 139),(147, 139),(195, 186),(195, 216),(195, 223),(192, 229),(186, 233),(182, 236),(177, 237),(171, 237),(136, 237),(74, 191),(37, 164),(26, 168),(22, 168),(18, 165),(18, 157),(19, 151),(-57, 94),(-39, 120),(-14, 154),(14, 192),(63, 228),(463, 512),(463, 609),(463, 616),(461, 622),(457, 627),(449, 636),(439, 640),(428, 640),(296, 640),(-54, 128),(-103, 60),(-104, 58),(-105, 56),(-105, 54),(-105, 50),(-101, 46),(-97, 46),(81, 156),(74, 156),(67, 157),(59, 158),(72, 167),(145, 219),(170, 219),(173, 219),(175, 219),(176, 218),(177, 217),(177, 216),(177, 215),(177, 202),(144, 156),(81, 156),(50, 240),(88, 291),(344, 625),(425, 625),(433, 625),(440, 622),(444, 615),(445, 613),(446, 611),(446, 608),(446, 542),(92, 273),(50, 240)],
[(52, 45),(148, 45),(316, 138),(398, 192),(401, 194),(403, 196),(403, 199),(403, 202),(400, 204),(397, 204),(395, 204),(393, 203),(390, 201),(313, 152),(137, 63),(51, 63),(13, 63),(-6, 81),(-6, 113),(-6, 141),(6, 174),(14, 192),(15, 193),(53, 223),(437, 514),(437, 598),(437, 615),(423, 625),(403, 625),(316, 625),(148, 433),(107, 379),(83, 348),(-24, 203),(-24, 114),(-24, 71),(2, 45),(52, 45),(29, 226),(50, 267),(80, 315),(121, 369),(156, 415),(326, 607),(401, 607),(410, 607),(419, 605),(419, 596),(419, 537),(131, 305),(29, 226)],
[(-112, 46),(-109, 46),(-106, 47),(-103, 50),(-36, 123),(52, 180),(106, 201),(114, 205),(133, 212),(141, 212),(144, 212),(145, 211),(146, 209),(146, 197),(66, 89),(50, 64),(48, 59),(48, 54),(52, 51),(56, 51),(58, 51),(60, 52),(63, 54),(78, 69),(238, 192),(271, 192),(275, 192),(275, 191),(276, 188),(276, 172),(217, 106),(217, 73),(217, 63),(222, 55),(236, 55),(297, 55),(514, 186),(524, 192),(528, 194),(530, 197),(530, 199),(528, 203),(528, 204),(524, 204),(522, 204),(520, 204),(518, 202),(517, 202),(289, 73),(243, 73),(237, 73),(235, 74),(235, 78),(235, 97),(295, 162),(295, 192),(295, 202),(288, 207),(277, 207),(231, 207),(116, 115),(94, 99),(107, 117),(164, 188),(164, 213),(165, 221),(159, 227),(146, 227),(101, 227),(-16, 153),(-40, 130),(-14, 164),(6, 187),(18, 198),(21, 200),(22, 203),(22, 205),(22, 209),(19, 213),(14, 213),(12, 213),(10, 212),(8, 210),(-20, 187),(-83, 100),(-116, 59),(-118, 57),(-119, 55),(-119, 53),(-119, 49),(-116, 46),(-112, 46)],
[(-97, 46),(-95, 46),(-93, 46),(-91, 48),(-60, 77),(61, 197),(113, 197),(117, 197),(148, 194),(115, 92),(151, 70),(155, 67),(161, 66),(168, 66),(230, 66),(379, 168),(415, 192),(421, 196),(418, 201),(418, 201),(416, 203),(415, 204),(412, 204),(411, 204),(410, 204),(407, 202),(380, 184),(222, 83),(171, 83),(166, 83),(162, 83),(160, 85),(150, 90),(149, 108),(149, 129),(149, 147),(149, 179),(147, 212),(119, 215),(115, 215),(76, 215),(7, 162),(-42, 118),(-24, 143),(12, 192),(25, 205),(27, 207),(28, 209),(28, 211),(28, 216),(23, 221),(18, 221),(16, 221),(14, 220),(13, 218),(-12, 193),(-90, 82),(-105, 60),(-107, 55),(-107, 50),(-102, 46),(-97, 46)],
[(-46, 45),(-4, 45),(49, 95),(75, 131),(86, 125),(100, 122),(115, 122),(180, 122),(272, 171),(305, 192),(308, 194),(309, 196),(309, 198),(310, 199),(306, 205),(303, 204),(302, 204),(301, 204),(298, 202),(263, 180),(175, 140),(118, 140),(105, 140),(94, 142),(85, 146),(93, 160),(98, 176),(98, 190),(98, 204),(92, 217),(78, 223),(74, 225),(71, 225),(67, 225),(52, 225),(40, 210),(40, 190),(40, 175),(46, 157),(62, 142),(48, 119),(-11, 61),(-45, 61),(-47, 61),(-61, 62),(-65, 69),(-65, 80),(-65, 100),(-48, 130),(-40, 140),(-23, 164),(1, 185),(25, 200),(28, 202),(29, 204),(29, 207),(29, 211),(25, 216),(20, 216),(16, 215),(-22, 192),(-49, 161),(-66, 133),(-73, 121),(-82, 98),(-82, 79),(-82, 65),(-77, 52),(-61, 47),(-56, 45),(-51, 45),(-46, 45),(71, 158),(63, 165),(57, 180),(57, 191),(57, 200),(60, 207),(68, 207),(70, 207),(75, 206),(80, 199),(80, 188),(80, 180),(78, 170),(71, 158)],
[(-335, -349),(-332, -349),(-330, -348),(-328, -346),(-264, -241),(-220, -169),(27, 218),(132, 218),(138, 218),(143, 217),(149, 214),(152, 212),(154, 208),(154, 201),(154, 169),(116, 92),(33, 69),(28, 68),(27, 65),(27, 62),(27, 57),(31, 52),(37, 52),(39, 52),(155, 80),(262, 125),(364, 192),(366, 194),(368, 196),(368, 198),(366, 202),(364, 203),(363, 204),(361, 204),(360, 204),(360, 204),(357, 202),(282, 153),(195, 117),(110, 90),(128, 106),(173, 163),(173, 200),(173, 212),(168, 223),(157, 229),(149, 233),(141, 235),(132, 235),(72, 235),(-12, 141),(-68, 72),(-28, 133),(7, 183),(32, 211),(33, 213),(33, 214),(33, 216),(33, 221),(28, 227),(23, 227),(21, 227),(19, 226),(18, 224),(-39, 159),(-151, -21),(-256, -192),(-262, -201),(-334, -317),(-344, -336),(-346, -341),(-346, -346),(-340, -349),(-335, -349)],
[(-187, -367),(-127, -367),(9, -225),(9, -105),(9, -83),(4, -61),(-7, -41),(29, 5),(157, 56),(301, 114),(416, 192),(423, 196),(419, 202),(419, 202),(418, 203),(416, 204),(414, 204),(412, 204),(410, 203),(408, 202),(309, 135),(167, 80),(51, 33),(198, 216),(199, 217),(199, 219),(199, 220),(199, 225),(195, 229),(190, 229),(188, 229),(186, 229),(184, 227),(93, 140),(-27, 80),(-67, 80),(-73, 80),(-77, 81),(-79, 84),(-80, 85),(-80, 87),(-80, 88),(-80, 115),(13, 218),(94, 218),(111, 218),(127, 213),(142, 203),(147, 201),(151, 201),(155, 206),(155, 210),(155, 213),(154, 215),(152, 217),(135, 229),(115, 234),(95, 234),(6, 234),(-98, 138),(-98, 89),(-98, 83),(-97, 78),(-94, 74),(-89, 66),(-79, 62),(-67, 62),(-10, 62),(105, 145),(138, 168),(18, 19),(15, 17),(-43, -4),(-47, -8),(-49, -10),(-50, -12),(-50, -14),(-50, -21),(-39, -27),(-29, -41),(-51, -69),(-213, -263),(-213, -338),(-213, -350),(-209, -358),(-201, -363),(-197, -365),(-192, -367),(-187, -367),(-184, -348),(-186, -348),(-188, -348),(-190, -347),(-195, -345),(-197, -341),(-197, -334),(-197, -279),(-35, -77),(-19, -57),(-12, -73),(-9, -90),(-9, -107),(-9, -218),(-141, -348),(-184, -348),(-18, -26),(-25, -17),(-4, -9)],
[(65, 42),(135, 42),(314, 163),(358, 192),(363, 195),(363, 200),(361, 202),(360, 204),(358, 204),(356, 204),(354, 204),(352, 203),(350, 202),(315, 180),(126, 58),(68, 58),(64, 58),(60, 59),(57, 61),(52, 64),(50, 68),(50, 74),(50, 103),(99, 162),(99, 197),(99, 203),(98, 209),(95, 213),(74, 237),(86, 247),(94, 255),(99, 261),(103, 266),(107, 273),(107, 278),(107, 282),(104, 286),(97, 286),(84, 286),(52, 264),(52, 245),(52, 242),(38, 231),(23, 218),(2, 204),(-1, 202),(-3, 199),(-3, 197),(-3, 197),(-3, 188),(8, 193),(28, 207),(47, 216),(60, 226),(80, 203),(81, 201),(82, 198),(82, 195),(82, 170),(33, 111),(33, 73),(33, 62),(37, 52),(47, 46),(52, 43),(58, 42),(65, 42)],
[(-94, 19),(-78, 19),(-61, 26),(-48, 44),(51, 54),(183, 139),(263, 192),(267, 194),(268, 196),(268, 198),(268, 200),(267, 201),(266, 202),(265, 203),(263, 204),(261, 204),(256, 202),(180, 153),(56, 78),(-37, 63),(-7, 122),(4, 225),(63, 230),(69, 230),(72, 235),(72, 239),(72, 244),(69, 248),(63, 248),(62, 248),(-17, 242),(-22, 119),(-58, 61),(-68, 61),(-92, 61),(-113, 67),(-129, 80),(-131, 82),(-133, 83),(-135, 83),(-140, 83),(-145, 78),(-145, 66),(-145, 64),(-143, 38),(-120, 19),(-94, 19),(-93, 36),(-106, 36),(-120, 44),(-125, 56),(-110, 48),(-92, 44),(-73, 43),(-79, 38),(-86, 36),(-93, 36)],
[(41, 45),(150, 45),(339, 160),(388, 192),(390, 194),(391, 196),(391, 198),(390, 202),(388, 203),(386, 204),(384, 204),(380, 203),(329, 171),(141, 62),(42, 62),(23, 62),(6, 67),(-4, 77),(-12, 85),(-16, 96),(-16, 109),(-16, 132),(-6, 160),(11, 191),(59, 236),(124, 296),(241, 405),(320, 490),(480, 498),(641, 502),(762, 502),(799, 502),(832, 502),(861, 501),(867, 501),(870, 505),(870, 508),(870, 512),(867, 515),(861, 515),(819, 516),(768, 517),(709, 517),(601, 517),(470, 514),(337, 508),(373, 548),(400, 581),(400, 600),(400, 604),(399, 607),(397, 610),(393, 615),(388, 617),(382, 617),(338, 617),(238, 505),(234, 503),(101, 495),(-27, 483),(-129, 466),(-134, 466),(-137, 462),(-137, 459),(-137, 456),(-134, 453),(-130, 453),(-127, 453),(-31, 469),(91, 476),(216, 484),(139, 399),(54, 305),(1, 205),(-3, 198),(-21, 164),(-32, 132),(-32, 106),(-32, 89),(-27, 75),(-16, 64),(-3, 51),(17, 45),(41, 45),(260, 504),(266, 511),(356, 601),(379, 601),(381, 601),(382, 601),(383, 600),(384, 597),(384, 579),(316, 508),(315, 507),(44, 246),(102, 333),(171, 409),(241, 485),(296, 488),(218, 408),(107, 305),(44, 246)],
[(97, 56),(159, 56),(319, 165),(358, 192),(362, 194),(363, 197),(363, 199),(362, 202),(361, 203),(360, 204),(357, 204),(356, 204),(354, 204),(351, 202),(336, 192),(156, 73),(105, 73),(102, 73),(99, 73),(97, 74),(93, 76),(91, 80),(91, 85),(91, 114),(141, 185),(147, 194),(149, 199),(149, 204),(145, 208),(140, 208),(138, 208),(136, 208),(134, 206),(125, 193),(-12, 85),(-45, 85),(-49, 85),(-52, 86),(-53, 90),(-53, 94),(-53, 120),(-7, 174),(28, 207),(30, 209),(31, 211),(31, 213),(31, 218),(27, 223),(22, 223),(20, 223),(18, 222),(16, 220),(-4, 200),(-71, 133),(-71, 92),(-71, 88),(-70, 84),(-69, 80),(-65, 72),(-58, 68),(-49, 68),(-6, 68),(86, 146),(103, 159),(90, 137),(72, 103),(72, 80),(72, 70),(76, 62),(84, 58),(88, 57),(92, 56),(97, 56)],
[(-52, 46),(-13, 46),(69, 111),(102, 138),(108, 121),(122, 114),(140, 114),(197, 114),(295, 177),(318, 192),(320, 193),(322, 196),(322, 199),(321, 202),(320, 204),(318, 204),(316, 204),(314, 204),(313, 204),(310, 202),(293, 192),(191, 130),(143, 130),(128, 130),(118, 136),(117, 151),(124, 157),(140, 173),(151, 188),(156, 195),(158, 201),(158, 204),(158, 209),(155, 211),(151, 211),(137, 211),(110, 193),(100, 159),(83, 144),(-18, 62),(-48, 62),(-50, 62),(-53, 63),(-54, 64),(-56, 65),(-56, 68),(-56, 71),(-56, 97),(-11, 177),(20, 199),(22, 201),(24, 203),(24, 205),(24, 210),(20, 215),(15, 215),(13, 215),(11, 214),(10, 213),(-12, 197),(-72, 110),(-72, 67),(-72, 59),(-69, 52),(-63, 48),(-60, 46),(-56, 46),(-52, 46)],
[(74, 24),(117, 24),(196, 100),(228, 133),(231, 125),(237, 119),(246, 115),(254, 111),(262, 110),(271, 110),(325, 110),(405, 165),(447, 192),(450, 194),(451, 196),(451, 198),(450, 201),(449, 203),(447, 204),(445, 204),(443, 204),(441, 203),(439, 202),(387, 169),(325, 131),(274, 128),(270, 128),(255, 128),(245, 133),(241, 147),(262, 170),(272, 183),(277, 193),(281, 199),(282, 204),(282, 208),(282, 214),(279, 216),(274, 216),(260, 216),(231, 194),(222, 153),(203, 132),(180, 110),(157, 91),(138, 75),(95, 42),(75, 42),(73, 42),(71, 42),(69, 43),(67, 45),(65, 48),(65, 54),(65, 85),(107, 169),(115, 182),(116, 186),(116, 191),(112, 195),(107, 195),(105, 195),(102, 194),(100, 192),(60, 141),(-18, 62),(-46, 62),(-49, 62),(-52, 63),(-54, 65),(-56, 67),(-57, 70),(-57, 74),(-57, 104),(7, 185),(19, 198),(21, 200),(22, 202),(22, 204),(22, 209),(17, 213),(13, 213),(11, 213),(8, 212),(6, 210),(-21, 181),(-72, 107),(-72, 69),(-72, 62),(-70, 56),(-66, 52),(-61, 48),(-56, 46),(-49, 46),(-14, 46),(46, 105),(68, 129),(62, 114),(47, 80),(47, 55),(47, 41),(52, 29),(65, 25)],
[(-108, 35),(-103, 36),(-67, 53),(9, 96),(59, 125),(74, 91),(95, 64),(130, 56),(136, 55),(142, 54),(149, 54),(236, 54),(399, 151),(456, 192),(458, 194),(459, 197),(459, 198),(459, 200),(458, 201),(457, 202),(456, 204),(454, 204),(453, 204),(451, 204),(450, 204),(447, 202),(395, 166),(233, 72),(151, 72),(134, 74),(105, 80),(88, 104),(75, 134),(167, 187),(249, 233),(288, 233),(294, 233),(297, 237),(297, 241),(297, 246),(294, 249),(287, 249),(246, 249),(156, 200),(68, 151),(46, 223),(45, 228),(41, 230),(37, 230),(32, 228),(1, 204),(-3, 201),(-4, 199),(-4, 197),(-4, 197),(-3, 192),(2, 192),(4, 192),(6, 192),(9, 194),(33, 209),(53, 142),(2, 113),(-72, 64),(-108, 47),(-112, 45),(-114, 42),(-114, 40),(-114, 37),(-112, 35),(-108, 35)],
[(-336, -387),(-291, -387),(-225, -326),(-155, -242),(-95, -171),(-33, -83),(20, -5),(58, 16),(96, 35),(135, 55),(218, 97),(299, 139),(378, 192),(381, 194),(382, 197),(382, 199),(381, 202),(380, 204),(378, 204),(376, 204),(374, 204),(373, 204),(369, 202),(264, 133),(151, 84),(40, 26),(46, 35),(135, 184),(138, 191),(139, 195),(139, 199),(135, 203),(130, 203),(128, 203),(126, 202),(124, 200),(114, 188),(-2, 66),(-40, 66),(-45, 66),(-49, 68),(-51, 74),(-52, 80),(-52, 105),(-20, 152),(21, 202),(23, 204),(23, 206),(23, 208),(23, 213),(19, 217),(14, 217),(12, 217),(10, 216),(8, 214),(-27, 171),(-69, 113),(-69, 78),(-69, 69),(-67, 61),(-60, 56),(-55, 52),(-49, 50),(-42, 50),(-1, 50),(66, 114),(89, 137),(68, 102),(40, 57),(8, 9),(-108, -54),(-308, -182),(-360, -309),(-365, -321),(-369, -337),(-369, -351),(-369, -366),(-364, -379),(-351, -384),(-346, -386),(-341, -387),(-336, -387),(-334, -370),(-337, -370),(-341, -369),(-344, -368),(-350, -366),(-352, -360),(-352, -352),(-352, -335),(-341, -311),(-338, -303),(-282, -193),(-119, -82),(-14, -23),(-62, -93),(-116, -168),(-169, -230),(-235, -311),(-297, -370),(-334, -370)],
[(81, 37),(155, 37),(313, 140),(391, 192),(394, 194),(396, 196),(396, 198),(394, 202),(393, 203),(391, 204),(389, 204),(387, 204),(386, 203),(383, 202),(310, 153),(149, 54),(81, 54),(47, 55),(24, 68),(1, 79),(68, 118),(166, 184),(199, 208),(202, 210),(203, 213),(203, 216),(203, 220),(200, 224),(195, 224),(191, 223),(176, 216),(137, 205),(104, 205),(81, 205),(61, 210),(53, 226),(52, 229),(47, 232),(44, 232),(36, 232),(22, 217),(1, 204),(-1, 202),(-2, 200),(-2, 198),(-2, 193),(1, 190),(9, 194),(41, 215),(58, 195),(86, 189),(113, 189),(125, 189),(136, 190),(146, 192),(102, 162),(32, 117),(-19, 89),(-31, 94),(-42, 96),(-52, 96),(-81, 96),(-100, 78),(-100, 63),(-100, 58),(-97, 53),(-92, 49),(-88, 47),(-83, 46),(-78, 46),(-60, 46),(-36, 59),(-18, 69),(13, 55),(35, 37),(81, 37),(-77, 63),(-82, 64),(-79, 72),(-66, 77),(-52, 77),(-48, 77),(-44, 77),(-41, 76),(-47, 73),(-66, 63),(-77, 63)],
[[0,0]],
[[0,0]],
[[0,0]],
[[0,0]]]

endPts = [[0],
[0],
[0],
[0],
[0],
[0],
[0],
[0],
[0],
[0],
[0],
[0],
[0],
[0],
[0],
[0],
[0],
[0],
[0],
[0],
[0],
[0],
[0],
[0],
[0],
[0],
[0],
[0],
[0],
[0],
[0],
[0],
[0],
[0],
[0],
[0],
[0],
[0],
[0],
[0],
[0],
[0],
[0],
[0],
[0],
[0],
[0],
[0],
[0],
[0],
[0],
[0],
[0],
[0],
[0],
[0],
[0],
[0],
[0],
[0],
[0],
[0],
[0],
[0],
[0],
[74,15],
[84,36],
[74],
[90],
[91,26],
[88],
[93],
[96,14],
[22,49],
[71],
[64,13],
[48,17],
[82],
[53],
[49,16,33],
[52,34],
[40,72],
[88],
[80],
[66],
[81,4],
[67],
[105],
[73],
[102,14],
[57],
[0],
[0],
[0],
[0],
[0],
[0],
[66],
[67,13,10],
[60],
[87,16],
[53,13],
[68,13,17],
[84,14],
[67,13],
[22,44],
[21,46,16],
[76,16,13],
[38,13],
[92],
[62],
[72,14],
[74],
[89,16,3],
[67],
[47,10],
[84,11,8],
[73],
[68],
[103],
[71],
[82,19],
[76,11],
[0],
[0],
[0],
[0]]

hmtx = [[0,0],
[0,0],
[0,0],
[0,0],
[0,0],
[0,0],
[0,0],
[0,0],
[0,0],
[0,0],
[0,0],
[0,0],
[0,0],
[0,0],
[0,0],
[0,0],
[0,0],
[0,0],
[0,0],
[0,0],
[0,0],
[0,0],
[0,0],
[0,0],
[0,0],
[0,0],
[0,0],
[0,0],
[0,0],
[0,0],
[0,0],
[0,0],
[0,0],
[0,0],
[0,0],
[0,0],
[0,0],
[0,0],
[0,0],
[0,0],
[0,0],
[0,0],
[0,0],
[0,0],
[0,0],
[0,0],
[0,0],
[0,0],
[0,0],
[0,0],
[0,0],
[0,0],
[0,0],
[0,0],
[0,0],
[0,0],
[0,0],
[0,0],
[0,0],
[0,0],
[0,0],
[0,0],
[0,0],
[0,0],
[0,0],
[880,-28],
[851,0],
[709,0],
[840,-31],
[713,0],
[728,52],
[887,0],
[761,0],
[566,-101],
[544,0],
[690,0],
[410,-175],
[866,0],
[1039,0],
[736,0],
[647,0],
[628,0],
[661,0],
[529,0],
[403,-58],
[584,0],
[492,77],
[839,77],
[981,0],
[720,3],
[638,0],
[0,0],
[0,0],
[0,0],
[0,0],
[0,0],
[0,0],
[367,-90],
[375,-58],
[310,-85],
[420,-84],
[295,-62],
[308,-338],
[360,-380],
[404,-88],
[292,-71],
[223,-518],
[386,-105],
[395,-24],
[517,-119],
[410,-107],
[299,-82],
[356,-346],
[411,-213],
[351,-3],
[257,-145],
[380,-137],
[354,-71],
[311,-72],
[440,-72],
[447,-114],
[371,-369],
[385,-100],
[0,0],
[0,0],
[0,0],
[0,0]]